219 0 27 255
255 132 27 255
219 165 27 255
255 213 0 255
168 213 0 255
0 198 39 255
0 111 72 255
0 111 210 255
0 183 255 255
0 255 255 255
177 183 255 255
255 183 255 255
177 90 177 255
DIV: Ores 1

116 43 52 255
128 87 52 255
116 98 52 255
128 114 43 255
99 114 43 255
43 109 56 255
43 80 67 255
43 80 113 255
43 104 128 255
43 128 128 255
102 104 128 255
128 104 128 255
103 73 103 255
DIV: Ores 2

255 0 0 255
0 255 0 255
0 0 255 255
255 255 0 255
255 0 255 255
255 255 255 255
0 0 0 255
128 0 255 255
133 222 47 255
177 234 255 255
219 0 27 255
DIV: Ores 3

133 222 47 128
177 234 255 128
219 0 27 128
255 255 255 128
0 0 0 128
255 0 255 128
DIV: Ores 4


46 41 36 255
75 72 69 255
122 114 105 255
166 151 139 255
199 188 167 255
227 215 190 255
255 241 214 255
DIV: Dirts 1

40 43 46 255
70 72 74 255
109 113 119 255
145 154 161 255
173 180 193 255
198 205 220 255
223 231 247 255
DIV: Dirts 2

69 41 13 255
105 62 20 255
135 80 25 255
166 98 31 255
184 120 57 255
201 148 95 255
222 174 126 255
DIV: Dirts 3